Power
Protocol  : NEC
Code      : 0x57E3E817 (32 Bits)
uint16_t rawData[135] = {8986, 4452,  602, 550,  572, 1660,  574, 554,  578, 1656,  578, 548,  572, 1660,  572, 1634,  598, 1634,  598, 1634,  598, 1634,  598, 1636,  598, 556,  576, 550,  570, 556,  576, 1656,  578, 1630,  604, 1628,  604, 1628,  604, 1630,  604, 548,  572, 1660,  572, 554,  576, 550,  572, 554,  576, 550,  572, 554,  576, 550,  572, 1660,  572, 556,  576, 1654,  578, 1654,  578, 1628,  604, 37758,  8982, 4454,  602, 550,  570, 1662,  572, 556,  576, 1656,  576, 550,  570, 1662,  572, 1634,  600, 1632,  600, 1632,  600, 1634,  600, 1634,  600, 554,  578, 548,  572, 554,  578, 1654,  580, 1628,  606, 1628,  604, 1628,  606, 1628,  606, 548,  574, 1658,  574, 554,  578, 548,  572, 1634,  600, 554,  578, 548,  572, 554,  578, 1654,  580, 548,  574, 1660,  574, 1632,  600, 554,  578};  // NEC 57E3E817
uint32_t address = 0xC7EA;
uint32_t command = 0x17;
uint64_t data = 0x57E3E817;

Back
Protocol  : NEC
Code      : 0x57E36699 (32 Bits)
uint16_t rawData[679] = {8982, 4454,  600, 552,  568, 1664,  570, 558,  574, 1658,  574, 526,  606, 1654,  570, 1638,  594, 1638,  596, 1638,  606, 1626,  606, 1628,  606, 548,  574, 554,  578, 548,  572, 1660,  574, 1632,  600, 552,  578, 1654,  578, 1628,  606, 548,  574, 554,  578, 1654,  580, 1626,  606, 548,  572, 1660,  574, 554,  578, 548,  572, 1660,  574, 1632,  600, 552,  578, 548,  574, 1658,  574, 37758,  8988, 4448,  596, 556,  576, 1656,  576, 550,  570, 1662,  572, 556,  576, 1656,  576, 1630,  602, 1630,  602, 1630,  602, 1630,  602, 1630,  604, 550,  570, 556,  576, 552,  570, 1662,  572, 1636,  596, 556,  576, 1656,  576, 1630,  604, 550,  572, 556,  576, 1656,  578, 1628,  604, 1630,  604, 1630,  604, 550,  570, 556,  576, 1656,  576, 1630,  604, 550,  572, 556,  576, 550,  572, 37762,  8986, 4452,  602, 548,  572, 1660,  574, 554,  576, 1654,  578, 548,  572, 1660,  574, 1632,  600, 1632,  600, 1632,  600, 1632,  602, 1630,  602, 552,  570, 556,  576, 550,  570, 1662,  572, 1634,  598, 556,  576, 1628,  604, 1630,  604, 548,  572, 554,  576, 1656,  578, 1628,  604, 1628,  604, 1628,  604, 548,  572, 554,  578, 1654,  578, 1628,  606, 548,  572, 554,  576, 550,  572, 37760,  8988, 4448,  594, 556,  576, 1630,  602, 552,  570, 1634,  598, 556,  574, 1658,  574, 1630,  602, 1630,  602, 1630,  602, 1632,  602, 1632,  602, 552,  568, 558,  574, 552,  580, 1654,  580, 1626,  606, 548,  574, 1632,  602, 1632,  600, 554,  578, 548,  604, 1628,  574, 1634,  600, 1634,  600, 1634,  598, 556,  598, 530,  602, 1630,  604, 1602,  630, 524,  608, 520,  602, 526,  606, 37732,  9016, 4422,  632, 520,  600, 1632,  600, 528,  604, 1628,  606, 522,  600, 1606,  626, 1606,  626, 1606,  626, 1606,  626, 1606,  626, 1608,  626, 528,  604, 522,  598, 528,  604, 1628,  604, 1604,  630, 524,  598, 1634,  598, 1608,  624, 530,  602, 524,  596, 1636,  598, 1610,  624, 1610,  634, 1600,  634, 520,  602, 526,  606, 1626,  606, 1600,  634, 520,  600, 526,  606, 520,  600, 37736,  9012, 4426,  626, 524,  608, 1626,  608, 520,  602, 1630,  602, 526,  606, 1626,  606, 1600,  634, 1600,  632, 1600,  632, 1600,  632, 1600,  632, 522,  600, 528,  604, 522,  598, 1634,  600, 1606,  626, 528,  604, 1628,  606, 1602,  628, 524,  598, 530,  602, 1630,  602, 1604,  628, 1604,  628, 1604,  628, 526,  606, 520,  600, 1632,  602, 1604,  628, 526,  606, 522,  600, 526,  606, 37730,  9008, 4430,  624, 528,  604, 1628,  604, 522,  600, 1632,  600, 528,  604, 1628,  606, 1600,  632, 1600,  632, 1602,  632, 1600,  634, 1600,  632, 522,  600, 528,  604, 522,  600, 1632,  600, 1606,  628, 526,  606, 1626,  606, 1600,  632, 520,  600, 526,  604, 1628,  606, 1628,  606, 1600,  632, 1602,  632, 522,  600, 528,  604, 1628,  606, 1628,  606, 522,  600, 528,  604, 522,  600, 37736,  9032, 4406,  628, 526,  596, 1636,  598, 530,  600, 1632,  602, 526,  596, 1636,  596, 1636,  596, 1636,  628, 1580,  654, 1578,  654, 1580,  632, 520,  602, 526,  596, 532,  600, 1634,  600, 1632,  602, 526,  604, 1628,  606, 1628,  606, 522,  600, 526,  594, 1638,  604, 1628,  606, 1628,  606, 1626,  606, 522,  600, 526,  594, 1638,  604, 1628,  606, 522,  598, 528,  594, 534,  598, 37736,  9002, 4432,  632, 522,  600, 1632,  600, 526,  594, 1638,  604, 522,  600, 1634,  600, 1632,  600, 1632,  600, 1632,  600, 1632,  600, 1632,  600, 526,  594, 532,  598, 528,  604, 1628,  604, 1628,  604, 524,  598, 1634,  598, 1634,  598, 502,  630, 524,  598, 1634,  598, 1636,  598, 1608,  624, 1608,  624, 528,  572, 556,  576, 1656,  578, 1654,  598, 502,  598, 554,  578, 548,  572, 37762,  8986, 4452,  624, 502,  630, 1630,  602, 524,  578, 1656,  576, 550,  572, 1660,  572, 1662,  604, 1602,  630, 1604,  630, 1602,  630, 1602,  630, 498,  602, 552,  570, 556,  576, 1658,  576, 1658,  596, 530,  570, 1662,  570, 1664,  602, 498,  602, 552,  570, 1662,  570, 1662,  602, 1604,  628, 1606,  628, 500,  600, 552,  568, 1664,  568, 1664,  600, 500,  600, 552,  568, 558,  574};  // NEC 57E36699
uint32_t address = 0xC7EA;
uint32_t command = 0x66;
uint64_t data = 0x57E36699

Home
Protocol  : NEC
Code      : 0x57E3C03F (32 Bits)
uint16_t rawData[135] = {8980, 4458,  596, 556,  576, 1656,  576, 550,  570, 1662,  572, 556,  576, 1656,  578, 1656,  576, 1630,  604, 1628,  604, 1630,  604, 1628,  604, 548,  572, 554,  578, 548,  572, 1660,  574, 1660,  572, 1660,  574, 1660,  574, 554,  578, 548,  572, 554,  578, 548,  572, 554,  578, 550,  572, 554,  578, 550,  572, 1660,  572, 1662,  572, 1662,  572, 1660,  572, 1660,  572, 1660,  572, 37760,  8988, 4448,  604, 546,  574, 1658,  574, 552,  568, 1664,  570, 558,  574, 1658,  574, 1658,  574, 1632,  600, 1658,  574, 1658,  574, 1658,  574, 552,  568, 558,  574, 552,  568, 1662,  570, 1664,  570, 1664,  570, 1662,  570, 556,  574, 552,  570, 558,  576, 550,  570, 556,  576, 1656,  576, 550,  570, 556,  576, 1656,  576, 1656,  576, 1656,  576, 1656,  576, 1630,  602, 552,  570};  // NEC 57E3C03F
uint32_t address = 0xC7EA;
uint32_t command = 0x3;
uint64_t data = 0x57E3C03F;

Up
Protocol  : NEC
Code      : 0x57E39867 (32 Bits)
uint16_t rawData[271] = {8982, 4452,  600, 552,  570, 1662,  570, 556,  576, 1656,  576, 550,  570, 1662,  570, 1662,  572, 1660,  572, 1660,  574, 1660,  572, 1660,  574, 554,  578, 548,  572, 554,  578, 1654,  580, 1654,  578, 1654,  580, 548,  572, 554,  578, 1654,  578, 1654,  570, 558,  574, 552,  568, 558,  574, 552,  568, 1664,  568, 1662,  570, 558,  574, 552,  570, 1662,  570, 1664,  570, 1662,  570, 37764,  8984, 4452,  602, 548,  572, 1660,  574, 554,  578, 1654,  578, 548,  574, 1660,  572, 1658,  574, 1658,  574, 1660,  574, 1660,  574, 1660,  572, 554,  578, 548,  572, 554,  578, 1654,  578, 1654,  578, 1654,  580, 548,  574, 554,  578, 1654,  578, 1654,  578, 548,  572, 560,  572, 1654,  578, 548,  574, 1660,  572, 1660,  574, 554,  578, 548,  574, 1660,  574, 1658,  574, 552,  578, 37754,  8982, 4452,  602, 550,  570, 1662,  572, 556,  576, 1656,  576, 550,  570, 1662,  572, 1660,  572, 1660,  574, 1660,  572, 1660,  572, 1660,  572, 554,  578, 548,  572, 554,  578, 1654,  580, 1652,  570, 1662,  570, 556,  574, 552,  568, 1664,  570, 1662,  570, 556,  576, 550,  570, 1662,  570, 556,  576, 1656,  578, 1656,  576, 550,  572, 554,  578, 1654,  578, 1656,  578, 550,  572, 37762,  9008, 4428,  604, 548,  574, 1658,  574, 552,  568, 1664,  570, 558,  574, 1658,  574, 1632,  600, 1658,  576, 1658,  576, 1630,  602, 1630,  634, 520,  602, 524,  606, 520,  600, 1630,  602, 1632,  602, 1630,  602, 524,  598, 530,  602, 1630,  602, 1630,  604, 524,  598, 530,  602, 1630,  602, 524,  596, 1636,  598, 1634,  598, 530,  602, 524,  598, 1636,  606, 1626,  608, 518,  602};  // NEC 57E39867
uint32_t address = 0xC7EA;
uint32_t command = 0x19;
uint64_t data = 0x57E39867;

Left
Protocol  : NEC
Code      : 0x57E37887 (32 Bits)
uint16_t rawData[205] = {8982, 4452,  600, 552,  570, 1634,  598, 556,  576, 1630,  602, 552,  570, 1636,  596, 1636,  596, 1636,  596, 1636,  596, 1638,  606, 1626,  606, 548,  574, 552,  578, 548,  572, 1632,  602, 1632,  600, 554,  578, 1628,  604, 1628,  606, 1628,  604, 1628,  606, 548,  572, 554,  578, 548,  572, 1634,  598, 554,  578, 550,  572, 554,  578, 550,  572, 1632,  600, 1632,  600, 1632,  600, 37760,  8986, 4450,  604, 548,  572, 1634,  600, 552,  580, 1626,  606, 548,  574, 1632,  600, 1632,  602, 1632,  600, 1632,  602, 1632,  600, 1632,  602, 552,  570, 558,  574, 552,  568, 1638,  596, 1636,  596, 556,  574, 1632,  602, 1552,  680, 1630,  602, 1632,  600, 552,  570, 558,  574, 1632,  600, 1632,  602, 552,  570, 558,  576, 552,  568, 558,  574, 1632,  602, 1630,  602, 552,  570, 33920,  254, 524,  230, 4286,  496, 22468,  516, 430,  408, 19654,  562, 114,  304, 468,  276, 252,  260, 106,  846, 294,  260, 200,  228, 250,  284, 370,  416, 6626,  262, 390,  334, 9330,  600, 194,  234, 108,  216, 102,  254, 154,  402, 582,  288, 232,  280, 252,  260, 140,  332, 702,  294, 160,  708, 290,  852, 186,  568, 15252,  760, 41954,  388, 19190,  386, 22828,  388, 23992,  386, 41510,  768};  // NEC 57E37887
uint32_t address = 0xC7EA;
uint32_t command = 0x1E;
uint64_t data = 0x57E37887;

Ok
Protocol  : NEC
Code      : 0x57E354AB (32 Bits)
uint16_t rawData[139] = {8990, 4450,  604, 548,  574, 1658,  576, 552,  578, 1654,  580, 548,  574, 1658,  574, 1632,  600, 1658,  574, 1658,  574, 1660,  574, 1660,  574, 554,  578, 550,  572, 554,  576, 1656,  578, 1656,  578, 550,  572, 1660,  572, 556,  576, 1656,  576, 552,  570, 1664,  570, 558,  574, 552,  570, 1664,  570, 556,  574, 1658,  576, 552,  570, 1662,  570, 556,  574, 1658,  576, 1658,  574, 36628,  324, 202,  228, 376,  8986, 4450,  604, 548,  572, 1660,  572, 554,  578, 1654,  578, 550,  572, 1660,  572, 1660,  574, 1660,  572, 1660,  574, 1632,  600, 1632,  600, 552,  580, 548,  572, 554,  578, 1654,  580, 1654,  578, 548,  574, 1658,  574, 552,  568, 1664,  570, 558,  574, 1658,  574, 554,  578, 1654,  580, 1626,  606, 548,  574, 1658,  574, 552,  578, 1654,  578, 548,  572, 1658,  574, 552,  580};  // NEC 57E354AB
uint32_t address = 0xC7EA;
uint32_t command = 0x2A;
uint64_t data = 0x57E354AB;

Right
Protocol  : NEC
Code      : 0x57E3B44B (32 Bits)
uint16_t rawData[135] = {8986, 4450,  604, 546,  574, 1632,  600, 552,  578, 1626,  606, 548,  574, 1632,  600, 1632,  602, 1630,  654, 1578,  602, 1630,  602, 1632,  600, 552,  570, 556,  574, 552,  568, 1636,  596, 1636,  596, 1636,  596, 558,  574, 1632,  600, 1632,  602, 552,  568, 1636,  596, 558,  576, 550,  570, 558,  574, 1632,  602, 552,  570, 556,  574, 1630,  602, 550,  570, 1636,  596, 1636,  596, 37764,  8982, 4454,  598, 554,  578, 1626,  606, 548,  574, 1632,  600, 554,  578, 1626,  606, 1626,  606, 1626,  606, 1626,  606, 1626,  606, 1626,  606, 548,  574, 552,  578, 548,  572, 1632,  602, 1630,  602, 1632,  600, 552,  580, 1626,  596, 1636,  596, 558,  574, 1632,  602, 552,  570, 1636,  596, 558,  574, 1630,  602, 552,  570, 556,  574, 1632,  602, 552,  570, 1636,  596, 558,  574};  // NEC 57E3B44B
uint32_t address = 0xC7EA;
uint32_t command = 0x2D;
uint64_t data = 0x57E3B44B;

Down
Protocol  : NEC
Code      : 0x57E3CC33 (32 Bits)
uint16_t rawData[135] = {8980, 4458,  604, 520,  602, 1630,  602, 524,  596, 1638,  606, 522,  600, 1632,  600, 1634,  598, 1634,  598, 1634,  598, 1634,  598, 1634,  598, 528,  602, 524,  598, 530,  602, 1630,  602, 1630,  602, 1630,  604, 1630,  600, 524,  596, 530,  602, 1630,  602, 1632,  602, 524,  596, 530,  602, 524,  598, 528,  602, 1632,  602, 1632,  602, 524,  596, 530,  602, 1630,  602, 1632,  600, 37756,  8980, 4456,  598, 528,  604, 1628,  604, 522,  598, 1634,  598, 528,  602, 1630,  604, 1630,  602, 1630,  602, 1630,  602, 1630,  602, 1630,  604, 524,  596, 530,  602, 526,  596, 1636,  596, 1636,  596, 1638,  594, 1638,  596, 530,  600, 526,  606, 1626,  606, 1628,  606, 520,  600, 1632,  600, 526,  606, 522,  600, 1634,  598, 1634,  598, 528,  604, 522,  598, 1634,  600, 526,  604};  // NEC 57E3CC33
uint32_t address = 0xC7EA;
uint32_t command = 0x33;
uint64_t data = 0x57E3CC33;

Back 10
Protocol  : NEC
Code      : 0x57E31EE1 (32 Bits)
uint16_t rawData[135] = {8982, 4454,  600, 526,  606, 1626,  608, 520,  600, 1578,  654, 526,  606, 1626,  606, 1626,  608, 1626,  608, 1624,  608, 1626,  608, 1626,  610, 516,  602, 526,  606, 520,  602, 1632,  600, 1632,  602, 524,  608, 520,  602, 524,  606, 1626,  606, 1626,  606, 1626,  606, 1626,  606, 522,  600, 1630,  602, 1632,  602, 1632,  600, 526,  606, 520,  600, 526,  606, 520,  600, 1632,  600, 37758,  8988, 4448,  604, 522,  600, 1632,  600, 526,  606, 1626,  606, 522,  600, 1632,  600, 1634,  600, 1634,  600, 1632,  598, 1634,  598, 1634,  598, 530,  602, 524,  598, 530,  600, 1632,  602, 1630,  602, 524,  596, 530,  602, 524,  596, 1636,  596, 1636,  596, 1638,  596, 1636,  596, 1636,  596, 1638,  596, 1636,  596, 1530,  704, 530,  600, 526,  596, 532,  600, 526,  596, 530,  602};  // NEC 57E31EE1
uint32_t address = 0xC7EA;
uint32_t command = 0x78;
uint64_t data = 0x57E31EE1;

*
Protocol  : NEC
Code      : 0x57E38679 (32 Bits)
uint16_t rawData[141] = {8988, 4448,  606, 520,  602, 1632,  600, 526,  596, 1638,  596, 532,  600, 1634,  600, 1632,  600, 1632,  604, 1630,  600, 1634,  598, 1634,  600, 526,  604, 524,  598, 528,  604, 1630,  604, 1630,  602, 1630,  602, 524,  598, 530,  602, 524,  596, 530,  602, 1630,  602, 1632,  600, 524,  596, 530,  602, 1632,  600, 1632,  602, 1632,  602, 1632,  600, 526,  596, 530,  600, 1632,  600, 18474,  348, 1700,  438, 94,  230, 16472,  8986, 4450,  604, 522,  600, 1634,  600, 528,  604, 1628,  604, 522,  598, 1634,  600, 1634,  598, 1634,  598, 1634,  598, 1636,  598, 1634,  598, 530,  602, 524,  596, 530,  600, 1632,  602, 1632,  600, 1632,  600, 526,  596, 530,  602, 526,  596, 532,  600, 1632,  600, 1632,  600, 1632,  600, 526,  606, 1628,  604, 1628,  606, 1626,  606, 1626,  606, 522,  652, 474,  604, 522,  600};  // NEC 57E38679
uint32_t address = 0xC7EA;
uint32_t command = 0x61;
uint64_t data = 0x57E38679;

Rewind
Protocol  : NEC
Code      : 0x57E32CD3 (32 Bits)
uint16_t rawData[141] = {8982, 4454,  598, 526,  606, 1628,  604, 522,  600, 1634,  598, 528,  604, 1630,  604, 1628,  604, 1630,  604, 1630,  604, 1630,  604, 1630,  602, 524,  598, 528,  604, 524,  598, 1636,  598, 1634,  598, 530,  602, 524,  596, 1636,  596, 530,  602, 1632,  602, 1632,  602, 524,  596, 532,  600, 1632,  602, 1630,  602, 526,  596, 1636,  596, 530,  602, 526,  596, 1636,  596, 1636,  596, 37764,  8984, 4452,  602, 524,  598, 1636,  596, 530,  602, 1630,  602, 524,  598, 1636,  596, 1636,  596, 1636,  596, 1636,  596, 1636,  598, 1636,  596, 530,  602, 524,  660, 468,  600, 1630,  602, 1630,  602, 524,  598, 530,  602, 1630,  602, 524,  596, 1636,  596, 1636,  596, 530,  602, 1630,  602, 1630,  602, 1630,  602, 524,  598, 1636,  598, 530,  602, 524,  596, 1636,  598, 530,  602, 38700,  476, 54,  228, 33570,  1076};  // NEC 57E32CD3
uint32_t address = 0xC7EA;
uint32_t command = 0x34;
uint64_t data = 0x57E32CD3;

Play/Pause
Protocol  : NEC
Code      : 0x57E332CD (32 Bits)
uint16_t rawData[135] = {8980, 4456,  596, 528,  604, 1630,  604, 524,  598, 1636,  596, 530,  602, 1630,  602, 1630,  602, 1632,  602, 1630,  602, 1632,  600, 1632,  602, 524,  596, 530,  600, 526,  596, 1638,  606, 1628,  606, 522,  600, 526,  606, 1626,  606, 1628,  606, 520,  600, 526,  606, 1626,  606, 522,  598, 1632,  600, 1632,  600, 528,  604, 522,  600, 1632,  600, 1632,  600, 528,  606, 1626,  606, 37756,  8992, 4446,  596, 528,  604, 1630,  604, 522,  598, 1636,  598, 530,  602, 1630,  604, 1630,  604, 1630,  604, 1628,  604, 1630,  604, 1628,  604, 524,  598, 528,  602, 524,  598, 1634,  598, 1634,  598, 530,  604, 522,  598, 1634,  598, 1634,  598, 530,  600, 526,  596, 1636,  596, 1636,  606, 1626,  606, 1626,  606, 522,  600, 526,  606, 1628,  606, 1628,  604, 522,  600, 528,  604};  // NEC 57E332CD
uint32_t address = 0xC7EA;
uint32_t command = 0x4C;
uint64_t data = 0x57E332CD;

Fast Forward
Protocol  : NEC
Code      : 0x57E3AA55 (32 Bits)
uint16_t rawData[135] = {8980, 4458,  596, 528,  604, 1630,  602, 524,  598, 1636,  596, 530,  600, 1632,  602, 1632,  602, 1630,  602, 1632,  602, 1632,  600, 1632,  602, 526,  596, 532,  600, 526,  596, 1638,  596, 1636,  596, 1636,  596, 530,  602, 1632,  600, 526,  596, 1636,  596, 530,  602, 1630,  602, 524,  596, 530,  602, 1630,  602, 526,  596, 1636,  596, 530,  654, 1578,  602, 526,  596, 1636,  596, 37762,  8984, 4452,  602, 524,  598, 1634,  598, 528,  604, 1630,  604, 522,  598, 1634,  598, 1634,  598, 1634,  598, 1634,  600, 1634,  598, 1634,  598, 528,  604, 522,  598, 528,  604, 1628,  606, 1628,  604, 1628,  604, 522,  598, 1634,  600, 526,  606, 1628,  604, 522,  600, 1634,  600, 1632,  600, 526,  604, 1628,  606, 520,  600, 1632,  600, 526,  606, 1628,  604, 522,  600, 526,  604};  // NEC 57E3AA55
uint32_t address = 0xC7EA;
uint32_t command = 0x55;
uint64_t data = 0x57E3AA55;

Vol +
Protocol  : NEC
Code      : 0x57E3F00F (32 Bits)
uint16_t rawData[135] = {8986, 4450,  604, 522,  600, 1634,  600, 526,  604, 1628,  604, 522,  600, 1632,  600, 1634,  598, 1634,  600, 1634,  600, 1632,  600, 1634,  600, 526,  606, 522,  600, 526,  604, 1628,  604, 1628,  604, 1628,  604, 1628,  604, 1628,  604, 1628,  606, 522,  598, 528,  604, 522,  598, 528,  604, 522,  598, 528,  604, 524,  650, 476,  604, 1628,  604, 1630,  604, 1630,  604, 1628,  604, 37756,  8980, 4458,  596, 528,  604, 1630,  604, 522,  598, 1636,  598, 528,  604, 1630,  604, 1630,  602, 1630,  602, 1630,  604, 1630,  604, 1630,  602, 524,  596, 530,  602, 524,  598, 1634,  598, 1636,  598, 1636,  596, 1636,  598, 1636,  596, 1636,  596, 530,  602, 524,  596, 530,  602, 1630,  602, 524,  596, 530,  602, 526,  596, 530,  602, 1632,  602, 1632,  600, 1632,  602, 526,  596};  // NEC 57E3F00F
uint32_t address = 0xC7EA;
uint32_t command = 0xF;
uint64_t data = 0x57E3F00F;

Vol -
Protocol  : NEC
Code      : 0x57E308F7 (32 Bits)
uint16_t rawData[141] = {8986, 4452,  602, 524,  598, 1636,  598, 528,  604, 1630,  602, 524,  596, 1636,  596, 1636,  596, 1636,  596, 1638,  596, 1638,  606, 1628,  604, 522,  600, 528,  604, 522,  600, 1634,  600, 1634,  598, 528,  604, 522,  598, 528,  604, 522,  598, 1634,  598, 528,  604, 524,  598, 528,  602, 1630,  602, 1630,  602, 1630,  602, 1630,  602, 524,  596, 1636,  598, 1636,  596, 1636,  596, 37762,  8984, 4452,  602, 522,  598, 1634,  598, 528,  604, 1628,  606, 522,  598, 1634,  598, 1634,  600, 1634,  600, 1632,  600, 1634,  600, 1632,  600, 526,  606, 522,  600, 526,  606, 1628,  604, 1628,  606, 522,  600, 526,  606, 522,  600, 526,  606, 1628,  606, 520,  600, 526,  604, 1628,  606, 1628,  606, 790,  226, 610,  604, 1628,  606, 1628,  604, 522,  600, 1632,  600, 1634,  598, 526,  606, 17030,  386, 174,  224};  // NEC 57E308F7
uint32_t address = 0xC7EA;
uint32_t command = 0x10;
uint64_t data = 0x57E308F7;

Mute
Protocol  : NEC
Code      : 0x57E304FB (32 Bits)
uint16_t rawData[137] = {8984, 4454,  600, 524,  598, 1636,  596, 530,  600, 1632,  600, 526,  596, 1638,  606, 1628,  606, 1628,  604, 1628,  604, 1628,  606, 1628,  604, 522,  600, 528,  604, 522,  598, 1634,  600, 1634,  598, 528,  604, 522,  598, 528,  602, 524,  598, 530,  602, 1630,  604, 524,  598, 530,  602, 1630,  602, 1630,  602, 1630,  604, 1630,  602, 1630,  602, 526,  596, 1636,  596, 1636,  596, 31116,  382, 6264,  8984, 4454,  600, 524,  596, 1636,  596, 530,  602, 1630,  602, 526,  596, 1636,  598, 1636,  596, 1636,  596, 1636,  596, 1636,  596, 1636,  596, 530,  602, 524,  598, 530,  602, 1630,  602, 1630,  602, 524,  598, 530,  602, 524,  598, 530,  602, 524,  596, 1636,  598, 530,  602, 1630,  602, 1630,  602, 1630,  602, 1630,  602, 1630,  602, 1630,  602, 524,  596, 1636,  598, 530,  602};  // NEC 57E304FB
uint32_t address = 0xC7EA;
uint32_t command = 0x20;
uint64_t data = 0x57E304FB;